Количество потоков: 1
Размер матрицы: 10х10
Время перемножения: 0,000020; 0,000006; 0,000007; 0,000006; 0,000006; 0,000006; 0,000007; 0,000009; 0,000007; 0,000006; 
--------------------------------------
Количество потоков: 1
Размер матрицы: 50х50
Время перемножения: 0,000609; 0,000653; 0,000609; 0,000642; 0,000654; 0,000608; 0,000606; 0,000605; 0,000617; 0,000604; 
--------------------------------------
Количество потоков: 1
Размер матрицы: 100х100
Время перемножения: 0,006611; 0,005112; 0,005576; 0,005220; 0,005071; 0,004910; 0,005074; 0,005815; 0,005031; 0,005191; 
--------------------------------------
Количество потоков: 1
Размер матрицы: 500х500
Время перемножения: 0,636387; 0,655911; 0,716977; 0,723561; 0,724613; 0,712153; 0,712750; 0,712263; 0,716492; 0,713502; 
--------------------------------------
Количество потоков: 1
Размер матрицы: 600х600
Время перемножения: 1,280010; 1,281588; 1,287040; 1,308857; 1,287161; 1,292040; 1,283740; 1,277972; 1,278104; 1,280689; 
--------------------------------------
Количество потоков: 1
Размер матрицы: 700х700
Время перемножения: 2,165193; 2,170563; 2,165149; 2,163642; 2,195070; 2,188877; 2,175306; 2,170548; 2,171967; 2,164866; 
--------------------------------------
Количество потоков: 1
Размер матрицы: 800х800
Время перемножения: 4,312107; 4,364811; 4,328921; 4,350022; 4,304060; 4,320383; 4,398463; 4,288031; 4,336795; 4,290592; 
--------------------------------------
Количество потоков: 1
Размер матрицы: 900х900
Время перемножения: 5,883772; 5,913647; 5,944238; 5,961930; 5,933619; 5,921191; 5,918585; 5,930074; 5,899819; 5,928702; 
--------------------------------------
Количество потоков: 1
Размер матрицы: 1000х1000
Время перемножения: 8,851573; 8,753795; 8,760001; 8,792372; 8,788003; 8,823689; 8,780503; 8,882310; 8,765648; 8,730954; 
--------------------------------------
Количество потоков: 2
Размер матрицы: 10х10
Время перемножения: 0,000987; 0,000006; 0,000004; 0,000004; 0,000005; 0,000004; 0,000005; 0,000005; 0,000004; 0,000005; 
--------------------------------------
Количество потоков: 2
Размер матрицы: 50х50
Время перемножения: 0,000401; 0,000386; 0,000376; 0,000398; 0,000348; 0,000384; 0,000371; 0,000364; 0,000365; 0,000369; 
--------------------------------------
Количество потоков: 2
Размер матрицы: 100х100
Время перемножения: 0,002572; 0,002824; 0,002859; 0,002530; 0,002577; 0,002839; 0,002576; 0,002524; 0,002593; 0,002525; 
--------------------------------------
Количество потоков: 2
Размер матрицы: 500х500
Время перемножения: 0,359131; 0,358718; 0,359854; 0,359854; 0,359690; 0,358251; 0,358814; 0,359836; 0,358544; 0,360352; 
--------------------------------------
Количество потоков: 2
Размер матрицы: 600х600
Время перемножения: 0,643615; 0,639521; 0,640305; 0,641067; 0,641309; 0,641653; 0,640993; 0,644524; 0,640668; 0,643090; 
--------------------------------------
Количество потоков: 2
Размер матрицы: 700х700
Время перемножения: 1,194985; 1,187355; 1,190053; 1,190066; 1,189104; 1,198015; 1,190467; 1,190165; 1,204911; 1,187539; 
--------------------------------------
Количество потоков: 2
Размер матрицы: 800х800
Время перемножения: 2,116665; 2,128418; 2,119398; 2,128345; 2,124097; 2,099836; 2,176204; 2,126278; 2,126374; 2,133300; 
--------------------------------------
Количество потоков: 2
Размер матрицы: 900х900
Время перемножения: 2,915215; 2,902843; 2,894815; 2,887685; 2,892847; 2,933965; 2,884104; 2,855506; 2,874390; 2,861496; 
--------------------------------------
Количество потоков: 2
Размер матрицы: 1000х1000
Время перемножения: 4,421564; 4,487476; 4,419478; 4,388263; 4,399777; 4,396707; 4,413290; 4,423878; 4,394500; 4,397883; 
--------------------------------------
Количество потоков: 4
Размер матрицы: 10х10
Время перемножения: 0,003814; 0,000043; 0,000013; 0,000004; 0,000003; 0,000003; 0,000004; 0,000004; 0,000003; 0,000003; 
--------------------------------------
Количество потоков: 4
Размер матрицы: 50х50
Время перемножения: 0,000212; 0,000211; 0,000239; 0,000227; 0,000213; 0,000211; 0,000232; 0,000213; 0,000211; 0,000212; 
--------------------------------------
Количество потоков: 4
Размер матрицы: 100х100
Время перемножения: 0,001360; 0,001260; 0,001255; 0,001306; 0,001442; 0,001305; 0,001326; 0,001400; 0,001360; 0,001327; 
--------------------------------------
Количество потоков: 4
Размер матрицы: 500х500
Время перемножения: 0,181240; 0,179327; 0,179771; 0,181057; 0,181712; 0,180939; 0,179201; 0,181019; 0,181328; 0,183707; 
--------------------------------------
Количество потоков: 4
Размер матрицы: 600х600
Время перемножения: 0,317390; 0,316245; 0,316305; 0,331839; 0,316945; 0,318422; 0,316794; 0,304660; 0,295685; 0,287918; 
--------------------------------------
Количество потоков: 4
Размер матрицы: 700х700
Время перемножения: 0,533471; 0,534240; 0,531854; 0,521549; 0,492936; 0,492191; 0,490346; 0,490410; 0,493057; 0,493124; 
--------------------------------------
Количество потоков: 4
Размер матрицы: 800х800
Время перемножения: 1,014743; 1,009266; 0,942297; 0,950903; 0,924222; 0,935343; 0,928988; 1,184492; 0,946940; 0,929958; 
--------------------------------------
Количество потоков: 4
Размер матрицы: 900х900
Время перемножения: 1,444283; 1,344843; 1,352069; 1,348173; 1,346598; 1,322226; 1,326048; 1,328555; 1,343294; 1,351380; 
--------------------------------------
Количество потоков: 4
Размер матрицы: 1000х1000
Время перемножения: 2,245878; 2,041778; 2,024954; 2,015703; 2,007791; 1,996473; 2,019296; 1,997722; 2,019365; 2,015347; 
--------------------------------------
Количество потоков: 8
Размер матрицы: 10х10
Время перемножения: 0,003072; 0,000042; 0,000004; 0,000004; 0,000015; 0,000003; 0,000027; 0,000003; 0,000003; 0,000006; 
--------------------------------------
Количество потоков: 8
Размер матрицы: 50х50
Время перемножения: 0,000136; 0,000177; 0,000125; 0,000125; 0,000170; 0,000125; 0,000177; 0,000146; 0,000125; 0,000080; 
--------------------------------------
Количество потоков: 8
Размер матрицы: 100х100
Время перемножения: 0,000714; 0,000740; 0,000702; 0,000619; 0,000612; 0,000698; 0,000646; 0,000799; 0,000683; 0,000614; 
--------------------------------------
Количество потоков: 8
Размер матрицы: 500х500
Время перемножения: 0,131022; 0,104528; 0,137422; 0,138936; 0,094090; 0,096334; 0,085009; 0,104026; 0,084241; 0,101226; 
--------------------------------------
Количество потоков: 8
Размер матрицы: 600х600
Время перемножения: 0,222283; 0,186884; 0,154513; 0,161236; 0,232043; 0,249882; 0,179126; 0,158627; 0,151212; 0,175984; 
--------------------------------------
Количество потоков: 8
Размер матрицы: 700х700
Время перемножения: 0,322803; 0,387712; 0,267587; 0,281122; 0,283274; 0,264297; 0,288059; 0,396548; 0,273687; 0,260387; 
--------------------------------------
Количество потоков: 8
Размер матрицы: 800х800
Время перемножения: 0,630070; 0,564665; 0,549536; 0,499946; 0,501266; 0,517046; 0,520160; 0,527303; 0,507654; 0,500305; 
--------------------------------------
Количество потоков: 8
Размер матрицы: 900х900
Время перемножения: 0,798651; 0,738590; 0,834098; 0,719778; 0,729118; 0,742390; 0,762040; 0,806170; 0,835065; 0,727211; 
--------------------------------------
Количество потоков: 8
Размер матрицы: 1000х1000
Время перемножения: 1,459597; 1,194094; 1,171479; 1,211249; 1,173258; 1,252524; 1,152526; 1,309872; 1,155520; 1,102887; 
--------------------------------------
Количество потоков: 16
Размер матрицы: 10х10
Время перемножения: 0,005931; 0,000010; 0,000010; 0,000007; 0,000008; 0,000005; 0,000004; 0,000005; 0,000004; 0,000004; 
--------------------------------------
Количество потоков: 16
Размер матрицы: 50х50
Время перемножения: 0,000089; 0,000088; 0,000087; 0,000104; 0,000087; 0,000089; 0,000087; 0,000089; 0,000138; 0,000123; 
--------------------------------------
Количество потоков: 16
Размер матрицы: 100х100
Время перемножения: 0,000610; 0,000594; 0,000595; 0,000797; 0,000586; 0,000598; 0,001008; 0,000594; 0,001141; 0,000590; 
--------------------------------------
Количество потоков: 16
Размер матрицы: 500х500
Время перемножения: 0,090327; 0,084540; 0,085478; 0,080413; 0,076470; 0,079041; 0,077763; 0,076035; 0,077968; 0,079453; 
--------------------------------------
Количество потоков: 16
Размер матрицы: 600х600
Время перемножения: 0,162100; 0,169235; 0,155813; 0,155899; 0,154855; 0,153615; 0,151379; 0,175765; 0,159493; 0,155985; 
--------------------------------------
Количество потоков: 16
Размер матрицы: 700х700
Время перемножения: 0,282846; 0,293497; 0,259307; 0,262102; 0,266116; 0,264378; 0,271529; 0,261157; 0,256844; 0,256463; 
--------------------------------------
Количество потоков: 16
Размер матрицы: 800х800
Время перемножения: 0,436870; 0,394262; 0,385585; 0,390385; 0,386154; 0,385969; 0,389010; 0,400286; 0,399101; 0,392341; 
--------------------------------------
Количество потоков: 16
Размер матрицы: 900х900
Время перемножения: 0,629826; 0,604993; 0,595114; 0,606469; 0,611756; 0,589457; 0,593353; 0,584558; 0,597134; 0,588507; 
--------------------------------------
Количество потоков: 16
Размер матрицы: 1000х1000
Время перемножения: 0,997305; 0,939711; 0,944742; 0,934457; 0,943489; 0,947137; 0,941624; 0,928337; 0,930297; 0,961237; 
--------------------------------------
